8 4 395
0 12 2 94 3 92 1  7
1 19 3 11 2 21 0 87
1 14 0 75 3 13 2 20
2 95 0  7 3  7 1 77
1 45 3  6 0 15 2 34
3 77 2 20 0 76 1 53
2 74 1 88 0 52 3 27
1 88 3 69 0 62 2 52
// part 1 : basis power for operations 
0 5 2 29 3 8 1 2
1 7 3 1 2 4 0 36
1 5 0 8 3 2 2 3
2 16 0 2 3 2 1 35
1 10 3 2 0 6 2 9
3 35 2 8 0 29 1 4
2 14 1 29 0 7 3 3
1 3 3 21 0 27 2 8
// part 2 : peak-power for operations
0 5 2 26 3 1 1 0
1 1 3 1 2 5 0 16
1 3 0 0 3 3 2 4
2 8 0 0 3 0 1 30
1 12 3 0 0 1 2 17
3 6 2 1 0 24 1 2
2 22 1 14 0 15 3 5
1 10 3 29 0 28 2 23
// part 3 : peak-power's duration 
0 2 2 22 3 1 1 0
1 4 3 2 2 1 0 23
1 3 0 0 3 1 2 4
2 17 0 0 3 0 1 11
1 2 3 0 0 1 2 1
3 3 2 5 0 14 1 8
2 1 1 11 0 8 3 3
1 2 3 9 0 6 2 10
// part 4 : Variable Power Threshold (nb Changes, starting date - available power)
17
0 78
53 59
135 76
239 95
342 114
388 75
475 53
560 66
651 47
752 36
850 29
900 39
991 50
1117 38
1214 49
1299 37
1385 30
