9 4 462
1 21 0 53 3 55 2 34
0 21 3 52 2 26 1 71
3 39 1 42 2 31 0 12
1 77 0 55 2 66 3 77
0 83 3 34 2 64 1 19
1 54 2 43 0 92 3 62
3 69 1 87 2 87 0 93
2 38 0 60 1 41 3 24
3 17 1 49 0 44 2 98
// part 1 : basis power for operations 
1 2 0 7 3 3 2 9 
0 2 3 18 2 7 1 27 
3 14 1 6 2 10 0 3 
1 29 0 12 2 7 3 14 
0 17 3 7 2 17 1 5 
1 15 2 13 0 35 3 30 
3 13 1 37 2 30 0 40 
2 13 0 24 1 6 3 7 4 35 
3 3 1 18 4 12 0 6 2 24 
// part 2 : peak-power for operations
1 5 0 21 3 12 2 17 
0 3 3 22 2 2 1 16 
3 9 1 5 2 7 0 4 
1 36 0 6 2 12 3 19 
0 10 3 17 2 1 1 1
1 25 2 16 0 45 3 21 
3 11 1 11 2 27 0 27 
2 8 0 12 1 13 3 6 
3 0 1 12 0 5 2 18 
// part 3 : peak-power's duration 
1 1 0 10 3 17 2 8 
0 6 3 13 2 6 1 7 
3 3 1 7 2 3 0 1 
1 16 0 10 2 11 3 4 
0 11 3 2 2 17 1 2  
1 12 2 6 0 20 3 11 
3 9 1 23 2 19 0 22 
2 9 0 6 1 1 3 5 
3 0 1 12 0 12 2 13 
// part 4 : Variable Power Threshold (nb Changes, starting date - available power)
15
0 96
89 120
227 84
330 63
486 81
615 101
731 121
799 79
936 56
1108 70
1249 49
1356 37
1505 30
1601 40
1717 52
