6 4 462
0 20 3 87 1 31 2 17
2 32 0 24 1 18 3 81
1 72 2 23 0 58 3 99
2 86 1 76 0 45 3 90
0 42 3 48 2 17 1 46
1 67 0 98 3 27 2 62
// part 1 : basis power for operations 
0 4 3 41 1 11 2 4 
2 15 0 1 1 7 3 5 
1 18 2 10 0 17 3 21 
2 39 1 22 0 20 3 19 
0 6 3 22 2 4 1 20 
1 28 0 1 3 1 2 1 
// part 2 : peak-power for operations
0 1 3 22 1 10 2 3 
2 0 0 1 1 0 3 15 
1 31 2 5 0 9 3 3 
2 12 1 12 0 7 3 29 
0 11 3 20 2 8 1 0 
1 22 0 43 3 2 2 25  
// part 3 : peak-power's duration 
0 2 3 28 1 9 2 1 
2 0 0 5 1 0 3 19 
1 7 2 5 0 5 3 12 
2 21 1 16 0 11 3 14 
0 3 3 7 2 4 1 0 
1 18 0 14 3 6 2 12
// part 4 : Variable Power Threshold (nb Changes, starting date - available power)
15
0 75
41 93
130 66
204 50
310 65
382 81
456 97
566 64
659 45
749 56
801 40
914 30
962 24
1069 32
1150 41
