7 4 495
1 23 2 45 0 82 3 38
2 21 1 29 0 18 3 50
2 38 3 54 0 52 1 52
0 54 2 74 1 62 3 57
0 81 1 61 3 68 2 30
0 79 1 89 2 89 3 11
3 33 2 20 0 91 1 66
// part 1 : basis power for operations 
1 9 2 6 0 11 4 16 3 16 
2 10 1 1 0 3 3 8 
2 8 3 17 0 12 1 19 
0 26 2 11 1 9 3 6 
0 20 1 4 3 33 2 2 
0 29 1 44 2 34 3 5 
3 3 2 4 0 38 1 29 
// part 2 : peak-power for operations
1 3 2 9 0 30 3 6 
2 8 1 12 0 5 3 10 
2 5 3 6 0 3 1 16 
0 22 2 1 1 31 3 11 
0 40 1 25 3 12 2 5 
0 19 1 18 2 31 3 0 
3 16 2 8 0 33 1 27 
// part 3 : peak-power's duration 
1 6 2 1 0 24 3 4 
2 2 1 7 0 3 3 7 
2 1 3 8 0 10 1 13 
0 10 2 1 1 2 3 6 
0 21 1 4 3 15 2 3 
0 25 1 23 2 6 3 0 
3 7 2 2 0 18 1 10 
// part 4 : Variable Power Threshold (nb Changes, starting date - available power)
14
0 90
89 112
208 134
288 88
407 62
520 77
580 54
661 67
773 47
904 58
1020 41
1116 31
1188 25
1309 22
