7 4 418
1 72 0 87 2 66 3 60
3 35 0 48 2 39 1 54
1 46 3 20 2 21 0 97 
0 59 3 19 1 34 2 37
2 73 3 25 1 24 0 28
3 28 0 45 1 78 2 83
0 53 3 71 1 37 2 12
// part 1 : basis power for operations 
1 31 0 9 2 24 3 1
3 2 0 13 2 18 1 6
1 13 3 3 2 8 0 25
0 6 3 8 1 15 2 12
2 22 3 5 1 12 0 4
3 14 0 17 1 17 2 22
0 20 3 23 1 6 2 1
// part 2 : peak-power for operations
1 26 0 24 2 5 3 20
3 15 0 1 2 4 1 23
1 16 3 2 2 9 0 25
0 1 3 2 1 3 2 4
2 4 3 3 1 9 0 2
3 4 0 14 1 33 2 40
0 10 3 4 1 13 2 0
// part 3 : peak-power's duration 
1 7 0 28 2 3 3 18
3 9 0 9 2 7 1 12
1 10 3 2 2 5 0 11
0 8 3 3 1 9 2 10
2 18 3 4 1 7 0 1
3 4 0 12 1 11 2 20
0 2 3 21 1 4 2 0
// part 4 : Variable Power Threshold (nb Changes, starting date - available power)
14
0 74
44 92
152 110
275 72
366 51
455 63
541 45
609 56
726 40
823 50
934 35
1021 27
1130 22
1236 19
