6 4 436
1 21 0 53 3 55 2 34
0 21 3 52 2 26 1 71
3 39 1 42 2 31 0 12
1 77 0 55 2 66 3 77
0 83 3 34 2 64 1 19
1 54 2 43 0 92 3 62
// part 1 : basis power for operations 
1 2 0 7 3 3 2 9 
0 2 3 18 2 7 1 27 
3 14 1 6 2 10 0 3 
1 29 0 12 2 7 3 14 
0 17 3 7 2 17 1 5 
1 15 2 13 0 35 3 30 
// part 2 : peak-power for operations
1 5 0 21 3 12 2 17 
0 3 3 22 2 2 1 16 
3 9 1 5 2 7 0 4 
1 36 0 6 2 12 3 19 
0 10 3 17 2 1 1 1
1 25 2 16 0 45 3 21  
// part 3 : peak-power's duration 
1 1 0 10 3 17 2 8 
0 6 3 13 2 6 1 7 
3 3 1 7 2 3 0 1 
1 16 0 10 2 11 3 4 
0 11 3 2 2 17 1 2  
1 12 2 6 0 20 3 11 
// part 4 : Variable Power Threshold (nb Changes, starting date - available power)
15
0 96
52 120
156 84
193 63
293 81
389 101
420 121
541 79
616 56
680 70
738 49
821 37
892 30
1012 40
1079 52
