6 4 459
1 23 2 45 0 82 3 38
2 21 1 29 0 18 3 50
2 38 3 54 0 52 1 52
0 54 2 74 1 62 3 57
0 81 1 61 3 68 2 30
0 79 1 89 2 89 3 11
// part 1 : basis power for operations 
1 9 2 6 0 11 3 16 
2 10 1 1 0 3 3 8 
2 8 3 17 0 12 1 19 
0 26 2 11 1 9 3 6 
0 20 1 4 3 33 2 2 
0 29 1 44 2 34 3 5 
// part 2 : peak-power for operations
1 9 2 6 0 11 4 16 3 16 
2 8 1 12 0 5 3 10 
2 5 3 6 0 3 1 16 
0 22 2 1 1 31 3 11 
0 40 1 25 3 12 2 5 
0 19 1 18 2 31 3 0 
// part 3 : peak-power's duration 
1 6 2 1 0 24 3 4 
2 2 1 7 0 3 3 7 
2 1 3 8 0 10 1 13 
0 10 2 1 1 2 3 6 
0 21 1 4 3 15 2 3 
0 25 1 23 2 6 3 0 
// part 4 : Variable Power Threshold (nb Changes, starting date - available power)
15
0 90
40 112
128 79
201 60
306 78
377 97
450 116
559 76
651 54
740 67
791 47
903 36
950 29
1056 39
1136 50
