7 4 394
0 12 2 94 3 92 1  7
1 19 3 11 2 21 0 87
1 14 0 75 3 13 2 20
2 95 0  7 3  7 1 77
1 45 3  6 0 15 2 34
3 77 2 20 0 76 1 53
2 74 1 88 0 52 3 27
// part 1 : basis power for operations 
0 5 2 29 3 8 1 2
1 7 3 1 2 4 0 36
1 5 0 8 3 2 2 3
2 16 0 2 3 2 1 35
1 10 3 2 0 6 2 9
3 35 2 8 0 29 1 4
2 14 1 29 0 7 3 3
// part 2 : peak-power for operations
0 5 2 26 3 1 1 0
1 1 3 1 2 5 0 16
1 3 0 0 3 3 2 4
2 8 0 0 3 0 1 30
1 12 3 0 0 1 2 17
3 6 2 1 0 24 1 2
2 22 1 14 0 15 3 5
// part 3 : peak-power's duration 
0 2 2 22 3 1 1 0
1 4 3 2 2 1 0 23
1 3 0 0 3 1 2 4
2 17 0 0 3 0 1 11
1 2 3 0 0 1 2 1
3 3 2 5 0 14 1 8
2 1 1 11 0 8 3 3
// part 4 : Variable Power Threshold (nb Changes, starting date - available power)
14
0 78
53 97
135 116
239 76
342 54
388 67
475 47
560 58
651 41
752 51
850 36
900 27
991 22
1117 19
